[[9.6698597751363136e-156,4.9141788811271912e-252,1.8815117081103676e-184,
  ...,2.4155005683004448e-020,7.6708248854242067e-001,
  2.3291751145757936e-001],
 [8.9546787959271461e-110,4.2783641643438213e-117,6.4310905235857848e-156,
  ...,2.4110986393930357e-020,7.6705366718498269e-001,
  2.3254003667911094e-001],
 [6.2988745082047089e-016,9.4608026109482113e-017,2.5614727259686120e-016,
  ...,1.1334243010368400e-006,7.6702374855269806e-001,
  2.3216190542431112e-001],
 ...,
 [6.2017753985565287e-009,4.7313519303177255e-006,7.0967040391028053e-006,
  ...,3.8800315740189443e-003,5.6613466582888139e-001,
  6.0204441734827565e-005],
 [6.2017700054961273e-009,4.7313459130935488e-006,7.0966966235776895e-006,
  ...,3.8800229052791259e-003,5.6613460239750513e-001,
  6.0204260767504583e-005],
 [6.2017646125546646e-009,4.7313398960023156e-006,7.0966892082154606e-006,
  ...,3.8800142367439857e-003,5.6613453896750321e-001,
  6.0204079804631878e-005]]
